74
35
4
21
12
43
12
4
15
0
3
8
77
73
79
90
70
51
8
6
31
95
57
90
59
39
68
91
25
93
55
47
10
74
101
61
18
63
71
25
86
20
57
53
12
83
95
35
15
23
13
36
34
91
85
84
60
50
11
94
94
82
45
93
17
16
40
67
19
99
22
47
18
4
6
51
57
81
78
54
51
49
72
49
63
47
70
66
17
4
62
60
20
75
52
27
35
9
9
43
19
54
6
20
12
40
53
52
97
28
35
53
81
38
51
34
29
77
5
41
0
81
11
8
61
93
11
8
36
22
3
16
95
13
11
32
77
78
57
41
56
93
45
66
88
5
3
82
34
20
91
62
31
38
24
75
95
93
55
24
61
14
5
83
0
20
89
58
12
83
82
4
99
9
64
60
26
90
69
1
63
36
81
10
8
64
65
46
32
76
58
67
47
25
2
30
9
64
24
8
89
68
17
41
41
100
23
13
49
51
24
61
53
78
22
94
1
49
30
98
0
43
99
51
4
99
1
44
27
3
55
73
15
24
85
35
29
6
40
3
68
72
55
3
78
98
8
44
57
56
74
59
28
3
28
58
32
99
62
73
3
70
81
100
52
68
57
16
64
83
63
52
48
16
50
38
75
77
57
96
28
76
100
6
27
26
98
8
57
2
47
27
15
77
97
22
0
66
11
5
43
31
52
24
71
40
67
33
20
59
23
31
64
96
86
93
59
82
34
53
79
88
47
25
16
54
52
92
53
8
20
20
13
77
42
24
77
61
16
10
98
85
3
73
67
15
9
11
65
38
1
49
67
33
18
62
73
99
63
35
36
53
84
78
37
24
1
69
50
61
35
89
46
35
25
92
56
37
30
64
33
92
79
101
4
9
55
14
68
53
68
90
78
40
65
23
31
34
34
12
19
45
63
62
2
26
7
41
96
26
96
1
38
82
76
4
17
21
72
61
69
58
40
80
65
35
12
0
49
54
9
47
7
61
54
67
19
97
1
90
4
46
58
0
1
91
51
98
17
5
32
88
96
55
52
24
47
44
29
53
76
4
75
86
15
13
99
45
39
2
6
31
67
41
46
13
90
64
82
45
63
39
16
51
64
53
75
69
78
23
18
74
30
46
43
93
47
82
20
17
53
57
69
89
65
100
36
31
36
16
79
22
42
43
19
92
28
70
68
84
58
35
23
74
17
83
59
99
100
3
12
0
88
50
69
36
55
77
66
5
81
27
10
22
79
32
101
52
71
0
63
100
17
56
50
82
60
51
27
99
53
81
32
74
19
96
7
14
2
73
69
14
1
63
67
49
2
47
97
89
44
50
81
4
49
53
21
35
77
97
69
68
16
2
67
98
16
39
42
5
10
5
33
71
18
25
92
94
40
39
16
58
54
34
7
86
91
24
24
89
50
17
92
7
75
12
90
46
30
63
58
13
75
18
40
61
6
24
74
56
35
45
83
29
78
91
78
43
94
90
57
85
92
25
63
3
73
11
32
90
86
37
93
36
64
26
68
48
18
57
88
38
92
35
27
60
38
83
90
37
21
61
38
72
57
74
62
76
84
12
88
39
70
85
65
45
97
48
98
47
31
55
50
100
87
86
99
62
83
82
72
5
31
29
51
75
69
40
101
24
35
58
83
68
18
94
89
75
96
77
17
98
68
89
16
69
18
87
4
59
97
11
38
31
38
0
99
73
79
33
81
85
88
59
37
64
12
30
31
82
81
59
59
48
35
6
92
90
57
100
57
46
73
40
84
46
47
7
92
69
55
69
24
23
25
11
51
63
27
48
66
92
69
44
11
57
17
36
46
5
84
28
73
69
26
3
96
14
87
59
84
50
82
53
28
63
32
1
89
26
60
43
20
94
11
59
83
100
72
36
74
94
20
34
43
100
20
34
33
87
2
92
98
81
98
38
86
10
2
84
2
89
36
49
17
9
83
58
14
58
79
42
51
58
6
0
18
65
16
18
35
27
87
43
57
78
26
49
3
45
100
21
46
74
80
90
5
39
62
61
76
78
70
80
18
89
85
32
62
91
1
14
42
31
44
74
77
34
1
55
38
51
62
37
101
96
89
35
63
71
59
36
6
22
11
97
18
83
58
59
53
52
8
90
91
5
20
25
11
83
0
60
0
72
79
4
61
29
59
15
27
36
97
45
77
77
10
0
29
72
14
96
65
24
0
86
80
79
63
89
91
13
84
30
87
9
63
86
0
1
30
99
19
46
68
51
71
78
63
35
80
31
82
99
5
54
61
46
58
101
90
13
27
100
63
4
22
40
34
46
57
0
24
48
53
6
26
54
66
63
47
69
62
30
24
67
17
86
88
12
34
0
2
27
90
42
80
8
48
70
67
51
65
9
44
47
16
37
86
22
83
6
10
88
58
70
22
97
93
92
72
67
50
60
101
85
20
85
24
65
54
9
13
61
70
1
92
75
40
7
34
1
38
38
28
17
98
65
58
51
25
11
70
91
91
76
76
55
95
71
7
60
17
52
41
57
67
15
56
56
15
72
27
96
58
89
68
53
88
2
19
48
61
44
36
37
66
3
37
22
20
18
3
68
10
11
48
19
87
61
101
20
46
77
31
63
67
95
88
55
68
4
25
83
35
3
3
20
40
69
85
65
78
2
10
30
16
52
69
96
88
23
55
31
20
84
65
10
74
72
8
52
23
35
37
28
100
59
44
87
19
61
45
101
15
84
78
51
5
101
63
28
24
91
34
94
77
80
32
57
101
14
91
94
82
97
66
24
37
56
68
0
100
77
94
50
96
76
7
76
71
79
48
24
96
89
67
80
47
59
81
73
63
53
3
25
89
60
27
48
84
84
54
84
94
32
99
21
66
49
77
60
14
99
53
13
54
39
21
67
43
44
73
9
70
77
44
65
3
18
21
58
30
84
63
40
14
12
47
95
13
68
81
27
48
30
62
68
22
40
